        TIME,    TIDE,      OB,   SURGE,    BIAS,     TWL,SURGE90p,  TWL90p,SURGE10p,   TWL10p
202604151800,   0.875,   0.350,   0.500,  -1.025,   0.350,   0.400,   0.250,   0.500,   0.350
202604151806,   0.988,9999.000,9999.000,9999.000,9999.000,9999.000,9999.000,9999.000,9999.000
202604151812,   1.105,   0.580,9999.000,9999.000,9999.000,9999.000,9999.000,9999.000,9999.000
202604151818,   1.226,9999.000,9999.000,9999.000,9999.000,9999.000,9999.000,9999.000,9999.000
202604151824,   1.349,   0.898,9999.000,9999.000,9999.000,9999.000,9999.000,9999.000,9999.000
202604151830,   1.474,9999.000,9999.000,9999.000,9999.000,9999.000,9999.000,9999.000,9999.000
202604151836,   1.602,   1.039,9999.000,9999.000,9999.000,9999.000,9999.000,9999.000,9999.000
202604151842,   1.731,9999.000,9999.000,9999.000,9999.000,9999.000,9999.000,9999.000,9999.000
202604151848,   1.861,   1.190,9999.000,9999.000,9999.000,9999.000,9999.000,9999.000,9999.000
202604151854,   1.992,9999.000,9999.000,9999.000,9999.000,9999.000,9999.000,9999.000,9999.000
202604151900,   2.124,   1.420,   0.500,  -1.204,   1.420,   0.500,   1.420,   0.500,   1.420
202604151906,   2.255,   1.548,9999.000,9999.000,9999.000,9999.000,9999.000,9999.000,9999.000
202604151912,   2.386,   1.679,9999.000,9999.000,9999.000,9999.000,9999.000,9999.000,9999.000
202604151918,   2.517,   1.790,9999.000,9999.000,9999.000,9999.000,9999.000,9999.000,9999.000
202604151924,   2.646,   2.000,9999.000,9999.000,9999.000,9999.000,9999.000,9999.000,9999.000
202604151930,   2.774,   2.099,9999.000,9999.000,9999.000,9999.000,9999.000,9999.000,9999.000
202604151936,   2.901,   2.099,9999.000,9999.000,9999.000,9999.000,9999.000,9999.000,9999.000
202604151942,   3.026,   2.220,9999.000,9999.000,9999.000,9999.000,9999.000,9999.000,9999.000
202604151948,   3.149,   2.358,9999.000,9999.000,9999.000,9999.000,9999.000,9999.000,9999.000
202604151954,   3.269,   2.459,9999.000,9999.000,9999.000,9999.000,9999.000,9999.000,9999.000
202604152000,   3.387,   2.538,   0.500,  -1.349,   2.538,   0.500,   2.538,   0.600,   2.638
202604152006,   3.503,   2.699,9999.000,9999.000,9999.000,9999.000,9999.000,9999.000,9999.000
202604152012,   3.615,   2.820,9999.000,9999.000,9999.000,9999.000,9999.000,9999.000,9999.000
202604152018,   3.725,   2.929,9999.000,9999.000,9999.000,9999.000,9999.000,9999.000,9999.000
202604152024,   3.831,   3.119,9999.000,9999.000,9999.000,9999.000,9999.000,9999.000,9999.000
202604152030,   3.934,   3.197,9999.000,9999.000,9999.000,9999.000,9999.000,9999.000,9999.000
202604152036,   4.034,   3.197,9999.000,9999.000,9999.000,9999.000,9999.000,9999.000,9999.000
202604152042,   4.130,   3.329,9999.000,9999.000,9999.000,9999.000,9999.000,9999.000,9999.000
202604152048,   4.223,   3.450,9999.000,9999.000,9999.000,9999.000,9999.000,9999.000,9999.000
202604152054,   4.312,   3.568,9999.000,9999.000,9999.000,9999.000,9999.000,9999.000,9999.000
202604152100,   4.396,   3.670,   0.500,  -1.226,   3.670,   0.400,   3.570,   0.600,   3.770
202604152106,   4.477,   3.778,9999.000,9999.000,9999.000,9999.000,9999.000,9999.000,9999.000
202604152112,   4.554,   3.880,9999.000,9999.000,9999.000,9999.000,9999.000,9999.000,9999.000
202604152118,   4.626,   3.978,9999.000,9999.000,9999.000,9999.000,9999.000,9999.000,9999.000
202604152124,   4.694,   4.168,9999.000,9999.000,9999.000,9999.000,9999.000,9999.000,9999.000
202604152130,   4.757,   4.257,9999.000,9999.000,9999.000,9999.000,9999.000,9999.000,9999.000
202604152136,   4.816,   4.257,9999.000,9999.000,9999.000,9999.000,9999.000,9999.000,9999.000
202604152142,   4.869,   4.339,9999.000,9999.000,9999.000,9999.000,9999.000,9999.000,9999.000
202604152148,   4.918,   4.437,9999.000,9999.000,9999.000,9999.000,9999.000,9999.000,9999.000
202604152154,   4.961,   4.529,9999.000,9999.000,9999.000,9999.000,9999.000,9999.000,9999.000
202604152200,   4.999,   4.588,   0.500,  -0.911,   4.588,   0.400,   4.488,   0.600,   4.688
202604152206,   5.031,   4.647,9999.000,9999.000,9999.000,9999.000,9999.000,9999.000,9999.000
202604152212,   5.057,   4.749,9999.000,9999.000,9999.000,9999.000,9999.000,9999.000,9999.000
202604152218,   5.077,   4.808,9999.000,9999.000,9999.000,9999.000,9999.000,9999.000,9999.000
202604152224,   5.091,   4.887,9999.000,9999.000,9999.000,9999.000,9999.000,9999.000,9999.000
202604152230,   5.099,   4.929,9999.000,9999.000,9999.000,9999.000,9999.000,9999.000,9999.000
202604152236,   5.100,   4.929,9999.000,9999.000,9999.000,9999.000,9999.000,9999.000,9999.000
202604152242,   5.095,   4.969,9999.000,9999.000,9999.000,9999.000,9999.000,9999.000,9999.000
202604152248,   5.083,   4.969,9999.000,9999.000,9999.000,9999.000,9999.000,9999.000,9999.000
202604152254,   5.064,   5.018,9999.000,9999.000,9999.000,9999.000,9999.000,9999.000,9999.000
202604152300,   5.039,   5.018,   0.500,  -0.521,   5.018,   0.400,   4.918,   0.600,   5.118
202604152306,   5.006,   5.028,9999.000,9999.000,9999.000,9999.000,9999.000,9999.000,9999.000
202604152312,   4.966,   5.028,9999.000,9999.000,9999.000,9999.000,9999.000,9999.000,9999.000
202604152318,   4.920,   4.979,9999.000,9999.000,9999.000,9999.000,9999.000,9999.000,9999.000
202604152324,   4.867,   4.939,9999.000,9999.000,9999.000,9999.000,9999.000,9999.000,9999.000
202604152330,   4.807,   4.867,9999.000,9999.000,9999.000,9999.000,9999.000,9999.000,9999.000
202604152336,   4.740,   4.867,9999.000,9999.000,9999.000,9999.000,9999.000,9999.000,9999.000
202604152342,   4.667,   4.877,9999.000,9999.000,9999.000,9999.000,9999.000,9999.000,9999.000
202604152348,   4.588,   4.828,9999.000,9999.000,9999.000,9999.000,9999.000,9999.000,9999.000
202604152354,   4.503,   4.778,9999.000,9999.000,9999.000,9999.000,9999.000,9999.000,9999.000
202604160000,   4.412,   4.710,   0.400,  -0.102,   4.710,   0.400,   4.710,   0.400,   4.710
202604160006,   4.316,   4.647,9999.000,9999.000,9999.000,9999.000,9999.000,9999.000,9999.000
202604160012,   4.215,   4.578,9999.000,9999.000,9999.000,9999.000,9999.000,9999.000,9999.000
202604160018,   4.109,   4.549,9999.000,9999.000,9999.000,9999.000,9999.000,9999.000,9999.000
202604160024,   3.999,   4.418,9999.000,9999.000,9999.000,9999.000,9999.000,9999.000,9999.000
202604160030,   3.885,   4.359,9999.000,9999.000,9999.000,9999.000,9999.000,9999.000,9999.000
202604160036,   3.767,   4.359,9999.000,9999.000,9999.000,9999.000,9999.000,9999.000,9999.000
202604160042,   3.647,   4.237,9999.000,9999.000,9999.000,9999.000,9999.000,9999.000,9999.000
202604160048,   3.524,   4.139,9999.000,9999.000,9999.000,9999.000,9999.000,9999.000,9999.000
202604160054,   3.399,   4.037,9999.000,9999.000,9999.000,9999.000,9999.000,9999.000,9999.000
202604160100,   3.273,   3.978,   0.400,   0.305,   3.978,   0.400,   3.978,   0.500,   4.078
202604160106,   3.145,   3.899,9999.000,9999.000,9999.000,9999.000,9999.000,9999.000,9999.000
202604160112,   3.016,   3.778,9999.000,9999.000,9999.000,9999.000,9999.000,9999.000,9999.000
202604160118,   2.886,   3.729,9999.000,9999.000,9999.000,9999.000,9999.000,9999.000,9999.000
202604160124,   2.757,   3.578,9999.000,9999.000,9999.000,9999.000,9999.000,9999.000,9999.000
202604160130,   2.627,   3.480,9999.000,9999.000,9999.000,9999.000,9999.000,9999.000,9999.000
202604160136,   2.498,   3.480,9999.000,9999.000,9999.000,9999.000,9999.000,9999.000,9999.000
202604160142,   2.370,   3.329,9999.000,9999.000,9999.000,9999.000,9999.000,9999.000,9999.000
202604160148,   2.243,   3.279,9999.000,9999.000,9999.000,9999.000,9999.000,9999.000,9999.000
202604160154,   2.117,   3.168,9999.000,9999.000,9999.000,9999.000,9999.000,9999.000,9999.000
202604160200,   1.993,   3.070,   0.400,   0.677,   3.070,   0.400,   3.070,   0.400,   3.070
202604160206,   1.870,   2.938,9999.000,9999.000,9999.000,9999.000,9999.000,9999.000,9999.000
202604160212,   1.749,   2.820,9999.000,9999.000,9999.000,9999.000,9999.000,9999.000,9999.000
202604160218,   1.629,   2.728,9999.000,9999.000,9999.000,9999.000,9999.000,9999.000,9999.000
202604160224,   1.512,   2.489,9999.000,9999.000,9999.000,9999.000,9999.000,9999.000,9999.000
202604160230,   1.398,   2.440,9999.000,9999.000,9999.000,9999.000,9999.000,9999.000,9999.000
202604160236,   1.285,   2.440,9999.000,9999.000,9999.000,9999.000,9999.000,9999.000,9999.000
202604160242,   1.176,   2.338,9999.000,9999.000,9999.000,9999.000,9999.000,9999.000,9999.000
202604160248,   1.068,   2.240,9999.000,9999.000,9999.000,9999.000,9999.000,9999.000,9999.000
202604160254,   0.964,   2.158,9999.000,9999.000,9999.000,9999.000,9999.000,9999.000,9999.000
202604160300,   0.863,   2.040,   0.400,   0.777,   2.040,   0.300,   1.940,   0.400,   2.040
202604160306,   0.765,   1.918,9999.000,9999.000,9999.000,9999.000,9999.000,9999.000,9999.000
202604160312,   0.670,   1.820,9999.000,9999.000,9999.000,9999.000,9999.000,9999.000,9999.000
202604160318,   0.579,   1.718,9999.000,9999.000,9999.000,9999.000,9999.000,9999.000,9999.000
202604160324,   0.491,   1.489,9999.000,9999.000,9999.000,9999.000,9999.000,9999.000,9999.000
202604160330,   0.408,   1.410,9999.000,9999.000,9999.000,9999.000,9999.000,9999.000,9999.000
202604160336,   0.329,   1.410,9999.000,9999.000,9999.000,9999.000,9999.000,9999.000,9999.000
202604160342,   0.254,   1.308,9999.000,9999.000,9999.000,9999.000,9999.000,9999.000,9999.000
202604160348,   0.184,   1.239,9999.000,9999.000,9999.000,9999.000,9999.000,9999.000,9999.000
202604160354,   0.120,   1.138,9999.000,9999.000,9999.000,9999.000,9999.000,9999.000,9999.000
202604160400,   0.060,   1.020,   0.400,   0.560,   1.020,   0.300,   0.920,   0.400,   1.020
202604160406,   0.006,   0.941,9999.000,9999.000,9999.000,9999.000,9999.000,9999.000,9999.000
202604160412,  -0.041,   0.819,9999.000,9999.000,9999.000,9999.000,9999.000,9999.000,9999.000
202604160418,  -0.083,   0.718,9999.000,9999.000,9999.000,9999.000,9999.000,9999.000,9999.000
202604160424,  -0.118,   0.570,9999.000,9999.000,9999.000,9999.000,9999.000,9999.000,9999.000
202604160430,  -0.147,   0.488,9999.000,9999.000,9999.000,9999.000,9999.000,9999.000,9999.000
202604160436,  -0.169,   0.488,9999.000,9999.000,9999.000,9999.000,9999.000,9999.000,9999.000
202604160442,  -0.184,   0.439,9999.000,9999.000,9999.000,9999.000,9999.000,9999.000,9999.000
202604160448,  -0.192,   0.370,9999.000,9999.000,9999.000,9999.000,9999.000,9999.000,9999.000
202604160454,  -0.192,   0.288,9999.000,9999.000,9999.000,9999.000,9999.000,9999.000,9999.000
202604160500,  -0.185,   0.239,   0.300,   0.124,   0.239,   0.300,   0.239,   0.400,   0.339
202604160506,  -0.171,   0.190,9999.000,9999.000,9999.000,9999.000,9999.000,9999.000,9999.000
202604160512,  -0.149,   0.141,9999.000,9999.000,9999.000,9999.000,9999.000,9999.000,9999.000
202604160518,  -0.120,   0.141,9999.000,9999.000,9999.000,9999.000,9999.000,9999.000,9999.000
202604160524,  -0.083,   0.088,9999.000,9999.000,9999.000,9999.000,9999.000,9999.000,9999.000
202604160530,  -0.039,   0.078,9999.000,9999.000,9999.000,9999.000,9999.000,9999.000,9999.000
202604160536,   0.011,   0.078,9999.000,9999.000,9999.000,9999.000,9999.000,9999.000,9999.000
202604160542,   0.070,   0.121,9999.000,9999.000,9999.000,9999.000,9999.000,9999.000,9999.000
202604160548,   0.135,   0.098,9999.000,9999.000,9999.000,9999.000,9999.000,9999.000,9999.000
202604160554,   0.206,   0.088,9999.000,9999.000,9999.000,9999.000,9999.000,9999.000,9999.000
202604160600,   0.284,   0.131,   0.400,  -0.553,   0.131,   0.300,   0.031,   0.500,   0.231
202604160606,   0.368,   0.150,9999.000,9999.000,9999.000,9999.000,9999.000,9999.000,9999.000
202604160612,   0.457,   0.239,9999.000,9999.000,9999.000,9999.000,9999.000,9999.000,9999.000
202604160618,   0.552,   0.331,9999.000,9999.000,9999.000,9999.000,9999.000,9999.000,9999.000
202604160624,   0.651,   0.488,9999.000,9999.000,9999.000,9999.000,9999.000,9999.000,9999.000
202604160630,   0.755,   0.551,9999.000,9999.000,9999.000,9999.000,9999.000,9999.000,9999.000
202604160636,   0.864,   0.551,9999.000,9999.000,9999.000,9999.000,9999.000,9999.000,9999.000
202604160642,   0.976,   0.659,9999.000,9999.000,9999.000,9999.000,9999.000,9999.000,9999.000
202604160648,   1.091,   0.741,9999.000,9999.000,9999.000,9999.000,9999.000,9999.000,9999.000
202604160654,   1.209,   0.819,9999.000,9999.000,9999.000,9999.000,9999.000,9999.000,9999.000
202604160700,   1.330,   0.928,   0.400,  -0.802,   0.928,   0.300,   0.828,   0.500,   1.028
202604160706,   1.453,   1.020,9999.000,9999.000,9999.000,9999.000,9999.000,9999.000,9999.000
202604160712,   1.578,   1.108,9999.000,9999.000,9999.000,9999.000,9999.000,9999.000,9999.000
202604160718,   1.704,   1.229,9999.000,9999.000,9999.000,9999.000,9999.000,9999.000,9999.000
202604160724,   1.831,   1.420,9999.000,9999.000,9999.000,9999.000,9999.000,9999.000,9999.000
202604160730,   1.958,   1.571,9999.000,9999.000,9999.000,9999.000,9999.000,9999.000,9999.000
202604160736,   2.086,   1.571,9999.000,9999.000,9999.000,9999.000,9999.000,9999.000,9999.000
202604160742,   2.213,   1.620,9999.000,9999.000,9999.000,9999.000,9999.000,9999.000,9999.000
202604160748,   2.340,   1.728,9999.000,9999.000,9999.000,9999.000,9999.000,9999.000,9999.000
202604160754,   2.466,   1.879,9999.000,9999.000,9999.000,9999.000,9999.000,9999.000,9999.000
202604160800,   2.591,   1.967,   0.400,  -1.024,   1.967,   0.400,   1.967,   0.500,   2.067
202604160806,   2.715,   2.069,9999.000,9999.000,9999.000,9999.000,9999.000,9999.000,9999.000
202604160812,   2.837,   2.168,9999.000,9999.000,9999.000,9999.000,9999.000,9999.000,9999.000
202604160818,   2.957,   2.299,9999.000,9999.000,9999.000,9999.000,9999.000,9999.000,9999.000
202604160824,   3.075,   2.519,9999.000,9999.000,9999.000,9999.000,9999.000,9999.000,9999.000
202604160830,   3.191,   2.650,9999.000,9999.000,9999.000,9999.000,9999.000,9999.000,9999.000
202604160836,   3.304,   2.650,9999.000,9999.000,9999.000,9999.000,9999.000,9999.000,9999.000
202604160842,   3.414,   2.758,9999.000,9999.000,9999.000,9999.000,9999.000,9999.000,9999.000
202604160848,   3.522,   2.869,9999.000,9999.000,9999.000,9999.000,9999.000,9999.000,9999.000
202604160854,   3.627,   2.968,9999.000,9999.000,9999.000,9999.000,9999.000,9999.000,9999.000
202604160900,   3.728,   3.089,   0.500,  -1.139,   3.089,   0.400,   2.989,   0.500,   3.089
202604160906,   3.826,   3.178,9999.000,9999.000,9999.000,9999.000,9999.000,9999.000,9999.000
202604160912,   3.920,   3.260,9999.000,9999.000,9999.000,9999.000,9999.000,9999.000,9999.000
202604160918,   4.011,   3.407,9999.000,9999.000,9999.000,9999.000,9999.000,9999.000,9999.000
202604160924,   4.097,   3.607,9999.000,9999.000,9999.000,9999.000,9999.000,9999.000,9999.000
202604160930,   4.180,   3.699,9999.000,9999.000,9999.000,9999.000,9999.000,9999.000,9999.000
202604160936,   4.259,   3.699,9999.000,9999.000,9999.000,9999.000,9999.000,9999.000,9999.000
202604160942,   4.333,   3.817,9999.000,9999.000,9999.000,9999.000,9999.000,9999.000,9999.000
202604160948,   4.403,   3.919,9999.000,9999.000,9999.000,9999.000,9999.000,9999.000,9999.000
202604160954,   4.468,   4.008,9999.000,9999.000,9999.000,9999.000,9999.000,9999.000,9999.000
202604161000,   4.528,   4.129,   0.500,  -0.899,   4.129,   0.400,   4.029,   0.500,   4.129
202604161006,   4.583,   4.208,9999.000,9999.000,9999.000,9999.000,9999.000,9999.000,9999.000
202604161012,   4.633,   4.309,9999.000,9999.000,9999.000,9999.000,9999.000,9999.000,9999.000
202604161018,   4.677,   4.398,9999.000,9999.000,9999.000,9999.000,9999.000,9999.000,9999.000
202604161024,   4.716,   4.549,9999.000,9999.000,9999.000,9999.000,9999.000,9999.000,9999.000
202604161030,   4.749,   4.618,9999.000,9999.000,9999.000,9999.000,9999.000,9999.000,9999.000
202604161036,   4.776,   4.618,9999.000,9999.000,9999.000,9999.000,9999.000,9999.000,9999.000
202604161042,   4.797,   4.657,9999.000,9999.000,9999.000,9999.000,9999.000,9999.000,9999.000
202604161048,   4.811,   4.719,9999.000,9999.000,9999.000,9999.000,9999.000,9999.000,9999.000
202604161054,   4.819,   4.759,9999.000,9999.000,9999.000,9999.000,9999.000,9999.000,9999.000
202604161100,   4.820,   4.808,   0.500,  -0.512,   4.808,   0.400,   4.708,   0.500,   4.808
202604161106,   4.815,   4.847,9999.000,9999.000,9999.000,9999.000,9999.000,9999.000,9999.000
202604161112,   4.802,   4.887,9999.000,9999.000,9999.000,9999.000,9999.000,9999.000,9999.000
202604161118,   4.782,   4.887,9999.000,9999.000,9999.000,9999.000,9999.000,9999.000,9999.000
202604161124,   4.755,   4.919,9999.000,9999.000,9999.000,9999.000,9999.000,9999.000,9999.000
202604161130,   4.721,   4.919,9999.000,9999.000,9999.000,9999.000,9999.000,9999.000,9999.000
202604161136,   4.680,   4.919,9999.000,9999.000,9999.000,9999.000,9999.000,9999.000,9999.000
202604161142,   4.631,   4.877,9999.000,9999.000,9999.000,9999.000,9999.000,9999.000,9999.000
202604161148,   4.575,   4.847,9999.000,9999.000,9999.000,9999.000,9999.000,9999.000,9999.000
202604161154,   4.513,   4.828,9999.000,9999.000,9999.000,9999.000,9999.000,9999.000,9999.000
202604161200,   4.443,   4.808,   0.500,  -0.135,   4.808,   0.400,   4.708,   0.500,   4.808
202604161206,   4.367,   4.719,9999.000,9999.000,9999.000,9999.000,9999.000,9999.000,9999.000
202604161212,   4.284,   4.657,9999.000,9999.000,9999.000,9999.000,9999.000,9999.000,9999.000
202604161218,   4.195,   4.588,9999.000,9999.000,9999.000,9999.000,9999.000,9999.000,9999.000
202604161224,   4.100,   4.437,9999.000,9999.000,9999.000,9999.000,9999.000,9999.000,9999.000
202604161230,   4.000,   4.349,9999.000,9999.000,9999.000,9999.000,9999.000,9999.000,9999.000
202604161236,   3.894,   4.349,9999.000,9999.000,9999.000,9999.000,9999.000,9999.000,9999.000
202604161242,   3.784,   4.267,9999.000,9999.000,9999.000,9999.000,9999.000,9999.000,9999.000
202604161248,   3.669,   4.208,9999.000,9999.000,9999.000,9999.000,9999.000,9999.000,9999.000
202604161254,   3.550,   4.129,9999.000,9999.000,9999.000,9999.000,9999.000,9999.000,9999.000
202604161300,   3.428,   4.047,   0.500,   0.119,   4.047,   0.400,   3.947,   0.500,   4.047
202604161306,   3.303,   3.958,9999.000,9999.000,9999.000,9999.000,9999.000,9999.000,9999.000
202604161312,   3.175,   3.880,9999.000,9999.000,9999.000,9999.000,9999.000,9999.000,9999.000
202604161318,   3.045,   3.808,9999.000,9999.000,9999.000,9999.000,9999.000,9999.000,9999.000
202604161324,   2.913,   3.617,9999.000,9999.000,9999.000,9999.000,9999.000,9999.000,9999.000
202604161330,   2.781,   3.548,9999.000,9999.000,9999.000,9999.000,9999.000,9999.000,9999.000
202604161336,   2.647,   3.548,9999.000,9999.000,9999.000,9999.000,9999.000,9999.000,9999.000
202604161342,   2.513,   3.417,9999.000,9999.000,9999.000,9999.000,9999.000,9999.000,9999.000
202604161348,   2.380,   3.339,9999.000,9999.000,9999.000,9999.000,9999.000,9999.000,9999.000
202604161354,   2.247,   3.217,9999.000,9999.000,9999.000,9999.000,9999.000,9999.000,9999.000
202604161400,   2.114,   3.109,   0.500,   0.495,   3.109,   0.400,   3.009,   0.500,   3.109
202604161406,   1.983,   2.988,9999.000,9999.000,9999.000,9999.000,9999.000,9999.000,9999.000
202604161412,   1.854,   2.889,9999.000,9999.000,9999.000,9999.000,9999.000,9999.000,9999.000
202604161418,   1.726,   2.778,9999.000,9999.000,9999.000,9999.000,9999.000,9999.000,9999.000
202604161424,   1.600,   2.548,9999.000,9999.000,9999.000,9999.000,9999.000,9999.000,9999.000
202604161430,   1.476,   2.469,9999.000,9999.000,9999.000,9999.000,9999.000,9999.000,9999.000
202604161436,   1.355,   2.469,9999.000,9999.000,9999.000,9999.000,9999.000,9999.000,9999.000
202604161442,   1.236,   2.377,9999.000,9999.000,9999.000,9999.000,9999.000,9999.000,9999.000
202604161448,   1.120,   2.279,9999.000,9999.000,9999.000,9999.000,9999.000,9999.000,9999.000
202604161454,   1.008,   2.177,9999.000,9999.000,9999.000,9999.000,9999.000,9999.000,9999.000
202604161500,   0.898,   2.079,   0.500,   0.681,   2.079,   0.500,   2.079,   0.500,   2.079
202604161506,   0.792,   1.948,9999.000,9999.000,9999.000,9999.000,9999.000,9999.000,9999.000
202604161512,   0.689,   1.840,9999.000,9999.000,9999.000,9999.000,9999.000,9999.000,9999.000
202604161518,   0.590,   1.708,9999.000,9999.000,9999.000,9999.000,9999.000,9999.000,9999.000
202604161524,   0.494,   1.610,9999.000,9999.000,9999.000,9999.000,9999.000,9999.000,9999.000
202604161530,   0.403,   1.430,9999.000,9999.000,9999.000,9999.000,9999.000,9999.000,9999.000
202604161536,   0.316,   1.430,9999.000,9999.000,9999.000,9999.000,9999.000,9999.000,9999.000
202604161542,   0.233,   1.348,9999.000,9999.000,9999.000,9999.000,9999.000,9999.000,9999.000
202604161548,   0.155,   1.259,9999.000,9999.000,9999.000,9999.000,9999.000,9999.000,9999.000
202604161554,   0.082,   1.138,9999.000,9999.000,9999.000,9999.000,9999.000,9999.000,9999.000
202604161600,   0.013,   1.010,   0.500,   0.497,   1.010,   0.500,   1.010,   0.600,   1.110
202604161606,  -0.049,   0.879,9999.000,9999.000,9999.000,9999.000,9999.000,9999.000,9999.000
202604161612,  -0.107,   0.751,9999.000,9999.000,9999.000,9999.000,9999.000,9999.000,9999.000
202604161618,  -0.158,   0.590,9999.000,9999.000,9999.000,9999.000,9999.000,9999.000,9999.000
202604161624,  -0.204,   0.508,9999.000,9999.000,9999.000,9999.000,9999.000,9999.000,9999.000
202604161630,  -0.244,   0.409,9999.000,9999.000,9999.000,9999.000,9999.000,9999.000,9999.000
202604161636,  -0.277,   0.409,9999.000,9999.000,9999.000,9999.000,9999.000,9999.000,9999.000
202604161642,  -0.303,   0.350,9999.000,9999.000,9999.000,9999.000,9999.000,9999.000,9999.000
202604161648,  -0.323,   0.288,9999.000,9999.000,9999.000,9999.000,9999.000,9999.000,9999.000
202604161654,  -0.335,   0.239,9999.000,9999.000,9999.000,9999.000,9999.000,9999.000,9999.000
202604161700,  -0.340,   0.170,   0.500,   0.010,   0.170,   0.500,   0.170,   0.600,   0.270
202604161706,  -0.338,   0.088,9999.000,9999.000,9999.000,9999.000,9999.000,9999.000,9999.000
202604161712,  -0.328,   0.049,9999.000,9999.000,9999.000,9999.000,9999.000,9999.000,9999.000
202604161718,  -0.310,   0.029,9999.000,9999.000,9999.000,9999.000,9999.000,9999.000,9999.000
202604161724,  -0.284,  -0.068,9999.000,9999.000,9999.000,9999.000,9999.000,9999.000,9999.000
202604161730,  -0.251,  -0.059,9999.000,9999.000,9999.000,9999.000,9999.000,9999.000,9999.000
202604161736,  -0.210,  -0.059,9999.000,9999.000,9999.000,9999.000,9999.000,9999.000,9999.000
202604161742,  -0.161,  -0.078,9999.000,9999.000,9999.000,9999.000,9999.000,9999.000,9999.000
202604161748,  -0.104,  -0.121,9999.000,9999.000,9999.000,9999.000,9999.000,9999.000,9999.000
202604161754,  -0.040,  -0.111,9999.000,9999.000,9999.000,9999.000,9999.000,9999.000,9999.000
202604161800,   0.031,  -0.111,   0.600,  -0.742,  -0.111,   0.500,  -0.211,   0.600,  -0.111
202604161806,   0.110,  -0.088,9999.000,9999.000,9999.000,9999.000,9999.000,9999.000,9999.000
202604161812,   0.196,  -0.009,9999.000,9999.000,9999.000,9999.000,9999.000,9999.000,9999.000
202604161818,   0.288,   0.049,9999.000,9999.000,9999.000,9999.000,9999.000,9999.000,9999.000
202604161824,   0.388,   0.200,9999.000,9999.000,9999.000,9999.000,9999.000,9999.000,9999.000
202604161830,   0.493,   0.278,9999.000,9999.000,9999.000,9999.000,9999.000,9999.000,9999.000
202604161836,   0.604,   0.278,9999.000,9999.000,9999.000,9999.000,9999.000,9999.000,9999.000
202604161842,   0.720,   0.390,9999.000,9999.000,9999.000,9999.000,9999.000,9999.000,9999.000
202604161848,   0.841,   0.478,9999.000,9999.000,9999.000,9999.000,9999.000,9999.000,9999.000
